1061311664
1061311784
1061312032
1061312152
1061312272
1061312392
1061312520
1061312640
1061312760
1061312880
1061313008
1061313248
1061313496
1061313616
1061313736
1061313856
1061313984
1061314104
1061314224
1061314344
1061314472
1061314592
1061314712
1061314832
1061314960
1061315080
1061315320
1061315448
1061315568
1061315808
1061315936
1061316056
1061316296
1061316424
1061316544
1061316664
1061316784
1061316912
1061317032
1061317152
1061317272
1061317400
1061317520
1061317640
1061317888
1061318008
1061318128
1061318248
1061318376
1061318496
1061318616
1061318736
1061318864
1061319472
1061319592
1061319712
1061319840
1061319960
1061320080
1061320200
1061320328
1061320448
1061320568
1061320688
1062173424
1062173544
1062173672
1062173792
1062173912
1062174032
1062174160
1062174400
1062174520
1062174648
1062175136
1062175256
1062175376
1062175496
1062175624
1062175744
1062175984
1062176112
1062176232
1062176352
1062176472
1062176600
1062176840
1062518080
1062518200
1062518328
1062518448
1062518568
1062518688
1062518816
1062518936
1062519056
1062519176
1062519304
1062519424
1062519544
1062519664
1062519912
1062520032
1062520152
1062520280
1062520400
1062520520
1062520640
1062520768
1062520888
1062521008
1062521128
1062521256
1062521376
1062521496
1062521744
1062521984
1062522104
1062522232
1062522472
1062522592
1062522720
1062522840
1062522960
1062523328
1062523448
1062523568
1062523696
1062523816
1062523936
1062524056
1062524184
1062524304
1062524424
1062524792
1062524912
1062525160
1062525520
1062525648
1062525888
1062526008
1062526136
1062526256
1062526376
1062526496
1062526624
1062526744
1062526864
1062527112
1062948784
1062948904
1062949024
1062949144
1062949272
1062949392
1062949512
1062949632
1062949760
1062950000
1062950120
1062950248
1062950368
1062950488
1062950608
1062950736
1062950856
1062950976
1062951096
1062951224
1062951344
1062951464
1062951584
1062951712
1062951832
1062951952
1062952072
1062952200
1062952320
1062952440
1062952560
1062952688
1062952808
1062952928
1062953048
1062953176
1062953296
1062953416
1062953536
1062953664
1062953784
1062953904
1062954024
1062954152
1062954272
1062955248
1062955616
1062956104
1063465768
1063465888
1063466008
1063466128
1063466256
1063466376
1063466496
1063466616
1063466744
1063466864
1063466984
1063467104
1063467232
1063467352
1063467472
1063467592
1063467720
1063468080
1063468208
1063468328
1063468448
1063468568
1063468696
1063468816
1063468936
1063469056
1063469304
1063469424
1063469544
1063469672
1063469912
1063470032
1063470160
1063470280
1063470400
1063470520
1063470648
1063470768
1063470888
1063471008
1063471136
1063472112
1063472232
1063472352
1063472472
1063472720
1063473208
1064585896
1064586016
1064586144
1064586264
1064586384
1064586504
1064586752
1064586872
1064586992
1064587120
1064587240
1064587360
1064587480
1064587608
1064587728
1064587848
1064587968
1064588096
1064588216
1064588336
1064588456
1064588704
1064588824
1064588944
1064589072
1064589192
1064589312
1064589432
1064589560
1064589680
1064589800
1064590048
1064590168
1064590408
1064590776
1064930800
1064930920
1064931040
1064931168
1064931288
1064931408
1064931528
1064931656
1064931776
1064931896
1064932016
1064932144
1064932264
1064932384
1064932504
1064932632
1064932752
1064932872
1064933120
1064933240
1064933360
1064933480
1064933608
1064933728
1064933968
1064934096
1064934216
1064934336
1064934584
1064934704
1064934824
1064934944
1064935072
1064935192
1064935312
1064935680
1064935800
1064935920
1064936048
1064936168
1064936288
1064936408
1064936536
1064936656
1064936776
1064936896
1064937024
1064937144
1064937264
1064937384
1064937632
1064937752
1064937872
1064938240
1064938360
1064938488
1064938728
1064938848
1064938976
1064939096
1064939216
1064939336
1064939464
1064939704
1065447720
1065447840
1065447968
1065448088
1065448208
1065448328
1065448576
1065448696
1065448816
1065448944
1065449064
1065449184
1065449304
1065449432
1065449552
1065449672
1065449792
1065449920
1065450160
1065450280
1065450408
1065450528
1065450648
1065450768
1065451016
1065451136
1065451256
1065451384
1065451504
1065451624
1065451744
1065452232
1065452360
1065452480
1065452600
1065452720
1065452848
1065452968
1065453088
1065453208
1065453576
1065455040
1065455648
1065456752
1066567736
1066567976
1066568096
1066568224
1066568344
1066568464
1066568584
1066568712
1066568832
1066568952
1066569072
1066569200
1066569320
1066569560
1066569688
1066569808
1066569928
1066570048
1066570176
1066570296
1066570416
1066570536
1066570664
1066570784
1066570904
1066571024
1066571152
1066571272
1066571392
1066571512
1066571640
1066571760
1066571880
1066572000
1066572248
1066572368
1066572736
1066572856
1066572976
1066573104
1066573224
1066573344
1066573464
1066573592
1066573712
1066573832
1066573952
1066574080
1066574200
1066574320
1066574440
1066574568
1066574808
1066574928
1066575056
1066575176
1066575296
1066575416
1066575544
1066575664
1066575784
1066575904
1066576032
1066576152
1066576272
1066576392
1066576520
1066576640
1066576760
1066576880
1067084720
1067084840
1067084960
1067085080
1067085328
1067085448
1067085568
1067085696
1067085816
1067085936
1067086056
1067086304
1067086424
1067086544
1067086792
1067086912
1067087032
1067087160
1067087280
1067087400
1067087520
1067087648
1067087768
1067087888
1067088008
1067088136
1067088376
1067088496
1067088624
1067088744
1067088864
1067088984
1067089472
1067089600
1067089960
1067090088
1067090208
1067090448
1067090576
1067090696
1067090816
1067090936
1067091064
1067091184
1067091304
1067091424
1067091552
1067091672
1067091912
1067092040
1067092160
1067092280
1067092400
1067092528
1067092648
1067092768
1067092888
1067093016
1067093136
1067093256
1067093376
1067093504
1067093624
1067093864
1068808856
1068808976
1068809096
1068809216
1068809344
1068809464
1068809584
1068809704
1068809832
1068809952
1068810072
1068810192
1068810320
1068810440
1068810560
1068810680
1068810808
1068810928
1068811048
