1062345632
1062345752
1062345872
1062346000
1062346120
1062346240
1062346360
1062346488
1062346608
1062346728
1062346848
1062346976
1062347096
1062347216
1062347336
1062347464
1062347584
1062347704
1062347824
1062347952
1062348072
1062348192
1062348312
1062348440
1062348560
1062348680
1062348928
1062349048
1062349168
1062349288
1062349416
1062349536
1062349656
1062349776
1062349904
1062350024
1062350144
1062350264
1062350392
1062350512
1062350632
1062350752
1062350880
1062351000
1062351120
1062351240
1062351368
1062351488
1062351728
1062351856
1062351976
1062352096
1062352216
1062352344
1062352464
1062352704
1062353072
1062353192
1062353320
1062353440
1062353560
1062353808
1062354048
1062354296
1062354536
1062354656
1062354784