1067084720
1067084840
1067084960
1067085080
1067085328
1067085448
1067085568
1067085696
1067085816
1067085936
1067086056
1067086304
1067086424
1067086544
1067086792
1067086912
1067087032
1067087160
1067087280
1067087400
1067087520
1067087648
1067087768
1067087888
1067088008
1067088136
1067088376
1067088496
1067088624
1067088744
1067088864
1067088984
1067089472
1067089600
1067089960
1067090088
1067090208
1067090448
1067090576
1067090696
1067090816
1067090936
1067091064
1067091184
1067091304
1067091424
1067091552
1067091672
1067091912
1067092040
1067092160
1067092280
1067092400
1067092528
1067092648
1067092768
1067092888
1067093016
1067093136
1067093256
1067093376
1067093504
1067093624
1067093864