1064930800
1064930920
1064931040
1064931168
1064931288
1064931408
1064931528
1064931656
1064931776
1064931896
1064932016
1064932144
1064932264
1064932384
1064932504
1064932632
1064932752
1064932872
1064933120
1064933240
1064933360
1064933480
1064933608
1064933728
1064933968
1064934096
1064934216
1064934336
1064934584
1064934704
1064934824
1064934944
1064935072
1064935192
1064935312
1064935680
1064935800
1064935920
1064936048
1064936168
1064936288
1064936408
1064936536
1064936656
1064936776
1064936896
1064937024
1064937144
1064937264
1064937384
1064937632
1064937752
1064937872
1064938240
1064938360
1064938488
1064938728
1064938848
1064938976
1064939096
1064939216
1064939336
1064939464
1064939704