1063638096
1063638216
1063638336
1063638456
1063638584
1063638704
1063638824
1063638944
1063639072
1063639192
1063639312
1063639432
1063639560
1063639680
1063640048
1063640168
1063640288
1063640408
1063640656
1063640896
1063641024
1063641264
1063641384
1063641512
1063641632
1063641752
1063641872
1063642000
1063642120
1063642240
1063642360
1063642488
1063642608
1063642728
1063642848
1063642976
1063643096
1063643216
1063643336
1063643464
1063643584
1063643824
1063644072
1063644312
1063644440
1063644680
1063644928
1063645168
1063645288
1063645416
1063645536
1063645776
1063645904
1063646024
1063646144
1063646264
1063646392
1063646512
1063646752
1063646880
1063647000
1063647120