1066567736
1066567976
1066568096
1066568224
1066568344
1066568464
1066568584
1066568712
1066568832
1066568952
1066569072
1066569200
1066569320
1066569560
1066569688
1066569808
1066569928
1066570048
1066570176
1066570296
1066570416
1066570536
1066570664
1066570784
1066570904
1066571024
1066571152
1066571272
1066571392
1066571512
1066571640
1066571760
1066571880
1066572000
1066572248
1066572368
1066572736
1066572856
1066572976
1066573104
1066573224
1066573344
1066573464
1066573592
1066573712
1066573832
1066573952
1066574080
1066574200
1066574320
1066574440
1066574568
1066574808
1066574928
1066575056
1066575176
1066575296
1066575416
1066575544
1066575664
1066575784
1066575904
1066576032
1066576152
1066576272
1066576392
1066576520
1066576640
1066576760
1066576880