1061311664
1061312032
1061312392
1061312760
1061313248
1061313616
1061313984
1061314344
1061314712
1061315080
1061315448
1061315808
1061316296
1061316664
1061317032
1061317400
1061317888
1061318248
1061318616
1061319472
1061319840
1061320200
1061320568
1061656320
1061656808
1061657176
1061657536
1061657904
1061658272
1061658640
1061659000
1061659368
1061659736
1061660104
1061660464
1061660832
1061661200
1061661568
1061661928
1061662296
1061662904
1061663272
1061663640
1061664008
1061664368
1061665472
1062173424
1062173792
1062174160
1062174520
1062175136
1062175496
1062175984
1062176352
1062176840
1062345632
1062346000
1062346360
1062346728
1062347096
1062347464
1062347824
1062348192
1062348560
1062348928
1062349288
1062349656
1062350024
1062350392
1062350752
1062351120
1062351488
1062351856
1062352216
1062352704
1062353072
1062353440
1062353808
1062354296
1062354656
1062518080
1062518448
1062518816
1062519176
1062519544
1062519912
1062520280
1062520640
1062521008
1062521376
1062521744
1062522104
1062522472
1062522840
1062523328
1062523696
1062524056
1062524424
1062524792
1062525160