1061311664
1061313248
1061314712
1061316296
1061317888
1061319472
1061656320
1061657784
1061659248
1061660712
1061662176
1061663640
1061665472
1062173424
1062175136
1062176600
1062345632
1062347096
1062348560
1062350024
1062351488
1062353072
1062354536
1062518080
1062519544
1062521008
1062522472
1062523936
1062525520
1062527112
1062779016
1062780480
1062783528
1062948784
1062950248
1062951712
1062953176
1062955248
1063121112
1063122576
1063124040
1063125504
1063126968
1063128432
1063130016
1063465768
1063467232
1063468696
1063470160
1063472112
1063638096
1063639560
1063641024
1063642488
1063644072
1063645536
1063647000
1064585896
1064587360
1064588824
1064590408
1064761640
1064763104
1064764568
1064766160
1064930800
1064932264
1064933728
1064935192
1064936656
1064938240
1064939704
1065275336
1065276800
1065278264
1065279728
1065447720
1065449184
1065450648
1065452232
1065455040
1065456752
1065878416
1065880008
1065881472
1066567736
1066569200
1066570664
1066572248
1066573712
1066575176
1066576640
1066740064
1066741528
1066742992
1066744696
1067084720
1067086304
1067087768
1067089472